         0       1000         10
         1       1327         14
         2       1754         14
         3       2303         13
         4       3071         13
         5       4071         11
         6       5329         12
         7       6796         17
         8       8128         17
         9       9185         18
        10       9744         19
        11       9964         21
        12      10013         24
        13      10029         34
        14      10038         37
        15      10051         43
        16      10066         50
        17      10076         57
        18      10103         64
        19      10115         79
        20      10125         91
        21      10134        106
        22      10159        127
        23      10191        147
        24      10208        168
        25      10226        197
        26      10212        225
        27      10212        259
        28      10203        297
        29      10180        346
        30      10136        397
        31      10086        440
        32      10032        496
        33       9938        545
        34       9835        586
        35       9690        635
        36       9562        689
        37       9385        739
        38       9211        803
        39       8950        864
        40       8724        868
        41       8476        872
        42       8231        862
        43       8015        858
        44       7761        809
        45       7573        760
        46       7404        710
        47       7221        649
        48       7063        611
        49       6926        582
        50       6833        552
        51       6735        539
        52       6690        507
        53       6649        483
        54       6618        463
        55       6633        475
        56       6632        479
        57       6661        508
        58       6705        501
        59       6750        481
        60       6822        484
        61       6898        501
        62       7016        504
        63       7114        535
        64       7144        547
        65       7265        569
        66       7334        596
        67       7418        601
        68       7533        611
        69       7596        633
        70       7640        665
        71       7695        685
        72       7730        719
        73       7748        755
        74       7718        809
        75       7641        854
        76       7615        879
        77       7523        907
        78       7385        985
        79       7253       1025
        80       7144       1063
        81       6954       1100
        82       6777       1106
        83       6635       1093
        84       6440       1090
        85       6268       1092
        86       6130       1095
        87       5962       1060
        88       5828       1052
        89       5677       1053
        90       5539       1050
        91       5430       1087
        92       5268       1101
        93       5130       1109
        94       5011       1087
        95       4898       1055
        96       4793       1039
        97       4716       1064
        98       4636       1095
        99       4588       1089
       100       4499       1037
       101       4433       1000
       102       4399        949
       103       4418        915
       104       4451        892
       105       4479        885
       106       4584        848
       107       4631        825
       108       4685        809
       109       4829        787
       110       4917        798
       111       5062        775
       112       5217        771
       113       5353        784
       114       5491        785
       115       5631        784
       116       5772        803
       117       5862        792
       118       5978        838
       119       6101        867
       120       6144        868
       121       6231        907
       122       6306        935
       123       6335        968
       124       6355        999
       125       6372       1033
       126       6300       1066
       127       6217       1095
       128       6172       1090
       129       6087       1116
       130       5960       1114
       131       5846       1144
       132       5737       1201
       133       5555       1243
       134       5412       1269
       135       5271       1272
       136       5115       1312
       137       4930       1343
       138       4781       1339
       139       4603       1298
       140       4502       1266
       141       4406       1236
       142       4308       1206
       143       4283       1190
       144       4212       1160
       145       4154       1151
       146       4113       1151
       147       4053       1179
       148       4018       1150
       149       4057       1095
       150       4094       1029
       151       4201        979
       152       4304        927
       153       4422        922
       154       4604        883
       155       4725        890
       156       4855        913
       157       4949        933
       158       5078        922
       159       5232        934
       160       5318        921
       161       5430        937
       162       5541        974
       163       5722        973
       164       5765       1006
       165       5856       1071
       166       5913       1087
       167       5915       1105
       168       5944       1151
       169       5923       1198
       170       5857       1264
       171       5759       1335
       172       5725       1371
       173       5620       1354
       174       5543       1357
       175       5404       1349
       176       5219       1344
       177       5073       1360
       178       4906       1346
       179       4700       1378
       180       4482       1379
       181       4264       1346
       182       4052       1321
       183       3906       1277
       184       3804       1246
       185       3716       1209
       186       3653       1163
       187       3680       1117
       188       3714       1092
       189       3752       1020
       190       3874        985
       191       4040        946
       192       4156        886
       193       4281        834
       194       4431        811
       195       4548        766
       196       4666        769
       197       4829        766
       198       4952        774
       199       5139        775
       200       5292        788
       201       5429        826
       202       5572        902
       203       5640        916
       204       5716        963
       205       5771       1010
       206       5785       1063
       207       5764       1086
       208       5806       1109
       209       5829       1114
       210       5850       1119
       211       5834       1137
       212       5850       1149
       213       5763       1153
       214       5677       1203
       215       5552       1258
       216       5468       1302
       217       5276       1350
       218       5116       1362
       219       4909       1373
       220       4699       1385
       221       4503       1399
       222       4302       1366
       223       4139       1324
       224       4008       1302
       225       3858       1255
       226       3714       1251
       227       3592       1226
       228       3468       1191
       229       3355       1114
       230       3308       1062
       231       3306        975
       232       3384        904
       233       3460        820
       234       3591        752
       235       3756        709
       236       3939        697
       237       4109        691
       238       4313        725
       239       4510        704
       240       4728        720
       241       4956        715
       242       5170        739
       243       5375        753
       244       5577        804
       245       5771        856
       246       5909        907
       247       5987        934
       248       6094        951
       249       6199        960
       250       6201        971
       251       6161       1014
       252       6149       1039
       253       6086       1076
       254       6038       1113
       255       5910       1179
       256       5816       1239
       257       5695       1284
       258       5530       1296
       259       5373       1281
       260       5214       1291
       261       5041       1252
       262       4866       1266
       263       4732       1285
       264       4545       1273
       265       4370       1230
       266       4200       1232
       267       4010       1231
       268       3807       1213
       269       3653       1212
       270       3520       1146
       271       3401       1082
       272       3354       1034
       273       3352        989
       274       3416        913
       275       3539        876
       276       3697        818
       277       3916        790
       278       4134        762
       279       4285        747
       280       4541        733
       281       4731        755
       282       4904        758
       283       5173        742
       284       5385        772
       285       5566        801
       286       5775        808
       287       5965        822
       288       6135        880
       289       6303        920
       290       6437        928
       291       6563        977
       292       6620       1007
       293       6679       1063
       294       6704       1116
       295       6662       1157
       296       6540       1247
       297       6441       1336
       298       6227       1377
       299       6030       1422
       300       5831       1449
       301       5628       1433
       302       5423       1406
       303       5241       1435
       304       4971       1464
       305       4755       1467
       306       4596       1451
       307       4381       1413
       308       4180       1395
       309       4034       1319
       310       3898       1261
       311       3815       1173
       312       3812       1124
       313       3774       1061
       314       3804       1043
       315       3880       1018
       316       3964        999
       317       4047        951
       318       4222        885
       319       4378        905
       320       4544        912
       321       4708        927
       322       4863        935
       323       5027        952
       324       5219        976
       325       5344       1039
       326       5409       1051
       327       5468       1074
       328       5545       1082
       329       5507       1076
       330       5540       1091
       331       5567       1102
       332       5569       1102
       333       5487       1114
       334       5392       1136
       335       5284       1134
       336       5156       1146
       337       5049       1178
       338       4897       1212
       339       4784       1193
       340       4667       1191
       341       4591       1184
       342       4539       1157
       343       4468       1122
       344       4440       1131
       345       4430       1106
       346       4412       1107
       347       4399       1068
       348       4412       1064
       349       4442       1027
       350       4468       1015
       351       4505        965
       352       4577        931
       353       4731        915
       354       4817        909
       355       4941        897
       356       5117        880
       357       5271        879
       358       5380        900
       359       5459        911
       360       5585        929
       361       5618        983
       362       5710       1016
       363       5742       1038
       364       5760       1126
       365       5744       1173
       366       5708       1189
       367       5660       1224
       368       5570       1214
       369       5500       1209
       370       5396       1233
       371       5282       1255
       372       5181       1261
       373       5067       1265
       374       4907       1273
       375       4738       1269
       376       4602       1211
       377       4462       1155
       378       4313       1120
       379       4167       1068
       380       4082       1040
       381       4008       1027
       382       3974       1005
       383       3912        961
       384       3876        953
       385       3905        934
       386       3923        911
       387       3955        894
       388       4023        876
       389       4095        868
       390       4150        856
       391       4300        836
       392       4489        777
       393       4641        751
       394       4873        711
       395       5067        689
       396       5256        710
       397       5436        742
       398       5609        767
       399       5780        791
       400       5891        828
       401       5983        895
       402       6050        929
       403       6125        916
       404       6233        899
       405       6331        905
       406       6374        933
       407       6430        955
       408       6494        984
       409       6513       1021
       410       6486       1089
       411       6439       1140
       412       6382       1147
       413       6318       1152
       414       6197       1165
       415       6123       1179
       416       6044       1224
       417       5941       1197
       418       5812       1231
       419       5664       1253
       420       5477       1279
       421       5322       1244
       422       5155       1267
       423       4970       1248
       424       4743       1224
       425       4544       1178
       426       4435       1129
       427       4311       1046
       428       4217       1027
       429       4153        968
       430       4085        927
       431       4067        899
       432       4064        866
       433       4114        828
       434       4185        824
       435       4306        769
       436       4470        747
       437       4636        738
       438       4846        732
       439       5100        740
       440       5342        747
       441       5521        775
       442       5753        819
       443       5921        848
       444       6040        892
       445       6139        945
       446       6228        981
       447       6288       1009
       448       6315       1000
       449       6353        993
       450       6336        968
       451       6340       1007
       452       6309       1045
       453       6264       1058
       454       6129       1110
       455       6037       1123
       456       5972       1123
       457       5876       1159
       458       5736       1178
       459       5581       1222
       460       5433       1239
       461       5323       1238
       462       5182       1241
       463       5094       1237
       464       5018       1245
       465       4909       1254
       466       4826       1242
       467       4764       1195
       468       4750       1160
       469       4665       1153
       470       4600       1129
       471       4545       1096
       472       4564       1066
       473       4557       1044
       474       4574       1007
       475       4633        999
       476       4704       1000
       477       4728       1004
       478       4791       1005
       479       4864        973
       480       4972        953
       481       5088        954
       482       5213        968
       483       5313        986
       484       5370        967
       485       5400        963
       486       5434        991
       487       5410       1031
       488       5387       1050
       489       5327       1061
       490       5325       1102
       491       5235       1108
       492       5121       1171
       493       5034       1217
       494       4966       1218
       495       4829       1219
       496       4792       1177
       497       4757       1109
       498       4739       1121
       499       4717       1095
       500       4686       1060
       501       4627       1023
       502       4650        975
       503       4679        910
       504       4724        857
       505       4821        825
       506       4946        810
       507       5066        766
       508       5222        751
       509       5368        745
       510       5524        764
       511       5658        769
       512       5780        824
       513       5909        877
       514       5917        937
       515       5992        960
       516       6062        972
       517       6111        983
       518       6131        999
       519       6169       1002
       520       6158       1030
       521       6123       1064
       522       6141       1078
       523       6074       1089
       524       6013       1097
       525       5922       1123
       526       5786       1186
       527       5680       1197
       528       5534       1212
       529       5394       1244
       530       5220       1243
       531       5043       1243
       532       4867       1199
       533       4741       1198
       534       4566       1157
       535       4477       1139
       536       4369       1101
       537       4298       1038
       538       4264        992
       539       4258        969
       540       4236        950
       541       4271        905
       542       4276        904
       543       4343        851
       544       4447        806
       545       4512        768
       546       4578        767
       547       4698        754
       548       4789        720
       549       4934        693
       550       5097        693
       551       5286        681
       552       5426        680
       553       5615        681
       554       5769        712
       555       5908        737
       556       6079        765
       557       6219        817
       558       6330        845
       559       6426        895
       560       6538        947
       561       6616        992
       562       6677       1051
       563       6647       1059
       564       6686       1074
       565       6667       1098
       566       6623       1144
       567       6544       1135
       568       6482       1161
       569       6399       1118
       570       6319       1071
       571       6252       1062
       572       6164       1088
       573       6062       1097
       574       5906       1146
       575       5751       1152
       576       5640       1157
       577       5499       1142
       578       5397       1141
       579       5394       1075
       580       5304       1051
       581       5275       1041
       582       5204       1025
       583       5110       1012
       584       5118        991
       585       5065        967
       586       5024        971
       587       4953        972
       588       4906        978
       589       4869        995
       590       4813       1023
       591       4735       1035
       592       4708       1032
       593       4685       1017
       594       4621       1030
       595       4596       1032
       596       4580       1009
       597       4503       1030
       598       4467       1011
       599       4505        964
       600       4568        905
       601       4631        867
       602       4721        856
       603       4776        862
       604       4841        842
       605       4893        803
       606       5008        796
       607       5068        764
       608       5120        739
       609       5204        725
       610       5317        703
       611       5431        702
       612       5527        713
       613       5672        732
       614       5789        762
       615       5899        798
       616       5993        834
       617       6113        852
       618       6228        891
       619       6341        906
       620       6475        931
       621       6591        964
       622       6638        971
       623       6670        984
       624       6686       1017
       625       6556       1028
       626       6473       1054
       627       6356       1095
       628       6185       1128
       629       6013       1157
       630       5848       1151
       631       5647       1148
       632       5506       1134
       633       5402       1099
       634       5277       1090
       635       5163       1053
       636       5111       1051
       637       5035       1031
       638       4965       1030
       639       4930       1039
       640       4880       1051
       641       4846       1086
       642       4789       1086
       643       4804       1089
       644       4789       1061
       645       4807       1036
       646       4866       1022
       647       4873       1018
       648       4869       1031
       649       4851       1027
       650       4887       1027
       651       4892       1038
       652       4859       1005
       653       4882        980
       654       4874        963
       655       4843        965
       656       4866        972
       657       4911        951
       658       4931        915
       659       4957        905
       660       5050        883
       661       5065        895
       662       5097        892
       663       5174        910
       664       5215        914
       665       5272        919
       666       5355        924
       667       5422        893
       668       5434        885
       669       5542        899
       670       5585        904
       671       5629        938
       672       5676        989
       673       5651       1005
       674       5600       1024
       675       5571       1051
       676       5540       1030
       677       5493       1055
       678       5464       1075
       679       5416       1080
       680       5370       1062
       681       5372       1031
       682       5326       1010
       683       5291       1024
       684       5218       1048
       685       5176       1032
       686       5099       1002
       687       5079        985
       688       5025        957
       689       4964        959
       690       4961        940
       691       5027        943
       692       4997        943
       693       5003        957
       694       5067        964
       695       5059        971
       696       5045        987
       697       5066       1036
       698       5079       1054
       699       5110       1073
       700       5188       1062
       701       5249       1026
       702       5339        998
       703       5451       1015
       704       5529       1020
       705       5574       1010
       706       5665       1007
       707       5756       1013
       708       5801       1047
       709       5813       1094
       710       5793       1108
       711       5774       1157
       712       5704       1194
       713       5637       1223
       714       5521       1217
       715       5395       1205
       716       5306       1202
       717       5228       1201
       718       5113       1189
       719       5019       1204
       720       4966       1218
       721       4900       1242
       722       4808       1236
       723       4757       1232
       724       4678       1223
       725       4598       1246
       726       4521       1210
       727       4507       1160
       728       4474       1127
       729       4482       1077
       730       4455       1058
       731       4518       1045
       732       4544       1021
       733       4606       1030
       734       4672       1021
       735       4711       1005
       736       4808        992
       737       4887        974
       738       4941        991
       739       4937       1032
       740       4983       1056
       741       5006       1053
       742       5032       1042
       743       5089        988
       744       5130        980
       745       5122       1002
       746       5165        989
       747       5207        969
       748       5222        963
       749       5292        951
       750       5371        994
       751       5410       1025
       752       5414       1032
       753       5462       1078
       754       5513       1104
       755       5517       1146
       756       5491       1223
       757       5453       1237
       758       5303       1263
       759       5198       1310
       760       5132       1283
       761       5064       1250
       762       4960       1224
       763       4852       1202
       764       4776       1139
       765       4716       1092
       766       4610       1082
       767       4514       1043
       768       4473        994
       769       4460        949
       770       4456        913
       771       4485        884
       772       4497        887
       773       4598        901
       774       4618        907
       775       4648        930
       776       4711        960
       777       4756        976
       778       4850        997
       779       4919       1016
       780       4922       1045
       781       4959       1065
       782       4953       1066
       783       4935       1050
       784       4971       1023
       785       4954        981
       786       4998        945
       787       5050        910
       788       5122        899
       789       5128        902
       790       5130        918
       791       5142        923
       792       5149        926
       793       5163        958
       794       5155        964
       795       5123        963
       796       5130       1000
       797       5149       1011
       798       5162       1013
       799       5170       1053
       800       5178       1102
       801       5186       1133
       802       5174       1193
       803       5178       1248
       804       5132       1272
       805       5137       1292
       806       5101       1297
       807       5076       1320
       808       4989       1329
       809       4941       1305
       810       4897       1309
       811       4845       1316
       812       4790       1272
       813       4770       1280
       814       4714       1272
       815       4622       1250
       816       4612       1200
       817       4585       1178
       818       4588       1121
       819       4545       1117
       820       4526       1122
       821       4522       1117
       822       4546       1112
       823       4523       1097
       824       4534       1098
       825       4555       1088
       826       4591       1078
       827       4606       1054
       828       4654       1060
       829       4725       1037
       830       4776       1050
       831       4805       1084
       832       4827       1069
       833       4818       1095
       834       4847       1149
       835       4811       1157
       836       4770       1190
       837       4758       1213
       838       4746       1200
       839       4705       1193
       840       4605       1197
       841       4593       1229
       842       4553       1225
       843       4512       1219
       844       4473       1156
       845       4449       1148
       846       4395       1170
       847       4386       1154
       848       4357       1096
       849       4314       1043
       850       4378       1013
       851       4417        978
       852       4436        973
       853       4526        937
       854       4602        878
       855       4670        858
       856       4755        860
       857       4866        856
       858       4972        879
       859       5055        899
       860       5185        915
       861       5236        929
       862       5303        957
       863       5350        938
       864       5373        974
       865       5412        995
       866       5494       1007
       867       5543       1042
       868       5534       1076
       869       5501       1088
       870       5485       1083
       871       5494       1073
       872       5472       1070
       873       5442       1100
       874       5436       1094
       875       5408       1113
       876       5303       1138
       877       5294       1140
       878       5254       1159
       879       5142       1161
       880       5078       1165
       881       5002       1187
       882       4875       1199
       883       4807       1212
       884       4692       1228
       885       4600       1199
       886       4583       1174
       887       4536       1147
       888       4548       1096
       889       4566       1065
       890       4546       1046
       891       4574       1039
       892       4598       1024
       893       4583       1024
       894       4604       1009
       895       4594        990
       896       4596        965
       897       4653        950
       898       4665        951
       899       4659        960
       900       4720        962
       901       4758        947
       902       4822        925
       903       4867        914
       904       4942        925
       905       5042        909
       906       5143        898
       907       5215        873
       908       5367        878
       909       5424        923
       910       5536        965
       911       5655       1028
       912       5725       1124
       913       5758       1170
       914       5820       1193
       915       5826       1258
       916       5791       1284
       917       5795       1359
       918       5707       1364
       919       5589       1375
       920       5476       1374
       921       5372       1309
       922       5291       1242
       923       5182       1209
       924       5093       1180
       925       5037       1129
       926       4976       1127
       927       4904       1094
       928       4861       1070
       929       4845       1072
       930       4875       1052
       931       4869       1006
       932       4919       1041
       933       4922       1006
       934       4976        988
       935       5074        985
       936       5105       1010
       937       5147       1002
       938       5187       1030
       939       5231       1036
       940       5286       1028
       941       5331       1038
       942       5368       1033
       943       5438       1042
       944       5475       1040
       945       5514       1032
       946       5571       1012
       947       5577        981
       948       5551        960
       949       5557        934
       950       5572        906
       951       5594        892
       952       5567        868
       953       5567        851
       954       5550        825
       955       5538        836
       956       5561        835
       957       5591        856
       958       5602        875
       959       5592        917
       960       5574        934
       961       5571        931
       962       5577        971
       963       5549        968
       964       5524        989
       965       5496       1005
       966       5446        994
       967       5421        992
       968       5429        987
       969       5420        943
       970       5442        921
       971       5425        909
       972       5451        910
       973       5449        930
       974       5434        933
       975       5445        946
       976       5426        964
       977       5402        968
       978       5399        970
       979       5406        948
       980       5428        951
       981       5433        937
       982       5478        953
       983       5522        973
       984       5586        962
       985       5650       1001
       986       5675       1020
       987       5704       1065
       988       5702       1116
       989       5671       1175
       990       5625       1203
       991       5553       1259
       992       5507       1294
       993       5459       1261
       994       5363       1234
       995       5251       1259
       996       5139       1260
       997       5094       1251
       998       4984       1232
       999       4911       1176
