         0        354
         1        326
         2        328
         3        346
         4        371
         5        341
         6        339
         7        331
         8        350
         9        367
        10        367
        11        357
        12        339
        13        322
        14        344
        15        364
        16        351
        17        337
        18        347
        19        343
        20        361
        21        341
        22        345
        23        328
        24        343
        25        361
        26        346
        27        355
        28        357
        29        359
        30        328
        31        361
        32        344
        33        321
        34        355
        35        344
        36        342
        37        383
        38        319
        39        352
        40        338
        41        342
        42        324
        43        352
        44        340
        45        325
        46        343
        47        352
        48        345
        49        349
        50        345
        51        349
        52        356
        53        334
        54        344
        55        343
        56        337
        57        346
        58        336
        59        362
        60        379
        61        335
        62        339
        63        357
        64        324
        65        343
        66        338
        67        331
        68        336
        69        323
        70        351
        71        334
        72        339
        73        351
        74        319
        75        358
        76        339
        77        357
        78        365
        79        337
        80        341
        81        337
        82        345
        83        346
        84        343
        85        361
        86        358
        87        370
        88        330
        89        340
        90        352
        91        345
        92        383
        93        339
        94        350
        95        334
        96        363
        97        355
        98        318
        99        333
       100        379
       101        346
       102        356
       103        335
       104        355
       105        324
       106        355
       107        349
       108        351
       109        332
       110        338
       111        344
       112        355
       113        358
       114        361
       115        347
       116        355
       117        359
       118        358
       119        316
       120        357
       121        335
       122        337
       123        348
       124        329
       125        335
       126        342
       127        344
       128        325
       129        343
       130        351
       131        350
       132        328
       133        391
       134        330
       135        372
       136        345
       137        338
       138        336
       139        325
       140        323
       141        359
       142        343
       143        357
       144        358
       145        335
       146        354
       147        370
       148        305
       149        346
       150        321
       151        346
       152        343
       153        354
       154        358
       155        338
       156        353
       157        320
       158        352
       159        356
       160        320
       161        345
       162        376
       163        378
       164        355
       165        350
       166        337
       167        342
       168        344
       169        358
       170        349
       171        347
       172        354
       173        373
       174        346
       175        345
       176        334
       177        350
       178        346
       179        301
       180        350
       181        359
       182        361
       183        365
       184        358
       185        346
       186        340
       187        353
       188        364
       189        338
       190        320
       191        328
       192        382
       193        374
       194        342
       195        332
       196        355
       197        336
       198        344
       199        353
       200        355
       201        339
       202        334
       203        357
       204        360
       205        338
       206        356
       207        345
       208        342
       209        351
       210        332
       211        344
       212        336
       213        326
       214        339
       215        335
       216        360
       217        342
       218        342
       219        329
       220        362
       221        356
       222        352
       223        333
       224        369
       225        354
       226        347
       227        345
       228        338
       229        348
       230        346
       231        346
       232        368
       233        352
       234        349
       235        342
       236        319
       237        371
       238        356
       239        396
       240        352
       241        362
       242        340
       243        350
       244        351
       245        355
       246        334
       247        351
       248        348
       249        356
       250        394
       251        310
       252        358
       253        363
       254        360
       255        318
       256        375
       257        365
       258        367
       259        340
       260        338
       261        367
       262        360
       263        343
       264        342
       265        343
       266        335
       267        347
       268        342
       269        366
       270        346
       271        344
       272        345
       273        350
       274        318
       275        345
       276        338
       277        333
       278        346
       279        342
       280        339
       281        380
       282        365
       283        364
       284        341
       285        366
       286        347
       287        354
       288        369
       289        350
       290        334
       291        300
       292        351
       293        346
       294        353
       295        324
       296        326
       297        354
       298        336
       299        336
       300        347
       301        332
       302        337
       303        343
       304        351
       305        327
       306        346
       307        334
       308        342
       309        350
       310        331
       311        338
       312        340
       313        360
       314        342
       315        367
       316        352
       317        346
       318        345
       319        333
       320        347
       321        367
       322        317
       323        343
       324        353
       325        343
       326        377
       327        362
       328        354
       329        355
       330        334
       331        343
       332        336
       333        352
       334        357
       335        344
       336        365
       337        337
       338        326
       339        340
       340        334
       341        363
       342        328
       343        371
       344        329
       345        345
       346        339
       347        349
       348        363
       349        366
       350        371
       351        324
       352        344
       353        353
       354        335
       355        328
       356        347
       357        359
       358        345
       359        370
       360        347
       361        351
       362        354
       363        327
       364        345
       365        309
       366        340
       367        337
       368        355
       369        342
       370        329
       371        348
       372        353
       373        346
       374        362
       375        342
       376        338
       377        347
       378        345
       379        340
       380        333
       381        339
       382        350
       383        339
       384        344
       385        340
       386        344
       387        353
       388        346
       389        379
       390        361
       391        340
       392        352
       393        328
       394        343
       395        357
       396        344
       397        332
       398        347
       399        358
       400        354
       401        367
       402        343
       403        334
       404        350
       405        354
       406        377
       407        326
       408        350
       409        351
       410        329
       411        335
       412        363
       413        346
       414        339
       415        340
       416        363
       417        337
       418        355
       419        370
       420        328
       421        346
       422        347
       423        332
       424        338
       425        346
       426        352
       427        346
       428        338
       429        378
       430        318
       431        341
       432        356
       433        337
       434        340
       435        331
       436        337
       437        331
       438        343
       439        316
       440        363
       441        352
       442        371
       443        349
       444        352
       445        356
       446        355
       447        314
       448        340
       449        360
       450        356
       451        317
       452        335
       453        331
       454        342
       455        354
       456        327
       457        362
       458        326
       459        331
       460        358
       461        319
       462        349
       463        339
       464        341
       465        363
       466        353
       467        341
       468        336
       469        349
       470        336
       471        344
       472        333
       473        351
       474        372
       475        346
       476        333
       477        356
       478        349
       479        343
       480        344
       481        345
       482        331
       483        347
       484        337
       485        339
       486        355
       487        345
       488        344
       489        366
       490        355
       491        360
       492        343
       493        357
       494        341
       495        353
       496        328
       497        336
       498        365
       499        348
       500        334
       501        354
       502        348
       503        351
       504        375
       505        339
       506        352
       507        367
       508        359
       509        354
       510        352
       511        356
       512        362
       513        342
       514        299
       515        372
       516        379
       517        330
       518        328
       519        360
       520        331
       521        362
       522        348
       523        356
       524        344
       525        338
       526        397
       527        331
       528        341
       529        350
       530        347
       531        351
       532        346
       533        345
       534        339
       535        387
       536        389
       537        327
       538        341
       539        342
       540        346
       541        340
       542        348
       543        342
       544        365
       545        319
       546        334
       547        328
       548        363
       549        358
       550        359
       551        340
       552        340
       553        356
       554        353
       555        335
       556        367
       557        376
       558        332
       559        374
       560        314
       561        348
       562        331
       563        380
       564        321
       565        345
       566        344
       567        346
       568        357
       569        348
       570        338
       571        332
       572        345
       573        345
       574        349
       575        334
       576        371
       577        348
       578        337
       579        364
       580        346
       581        358
       582        345
       583        354
       584        347
       585        351
       586        378
       587        322
       588        335
       589        345
       590        355
       591        354
       592        338
       593        342
       594        329
       595        325
       596        346
       597        346
       598        348
       599        371
       600        311
       601        330
       602        346
       603        340
       604        330
       605        344
       606        360
       607        351
       608        345
       609        340
       610        347
       611        344
       612        335
       613        343
       614        361
       615        352
       616        376
       617        347
       618        359
       619        347
       620        353
       621        351
       622        362
       623        333
       624        361
       625        328
       626        378
       627        349
       628        324
       629        377
       630        359
       631        357
       632        349
       633        367
       634        347
       635        354
       636        337
       637        342
       638        324
       639        343
       640        337
       641        307
       642        345
       643        334
       644        352
       645        349
       646        316
       647        366
       648        354
       649        355
       650        351
       651        356
       652        332
       653        346
       654        354
       655        328
       656        372
       657        320
       658        351
       659        352
       660        351
       661        357
       662        351
       663        385
       664        353
       665        348
       666        329
       667        363
       668        346
       669        363
       670        350
       671        334
       672        346
       673        344
       674        318
       675        340
       676        320
       677        361
       678        361
       679        335
       680        349
       681        341
       682        343
       683        353
       684        332
       685        360
       686        357
       687        342
       688        326
       689        345
       690        341
       691        368
       692        346
       693        352
       694        364
       695        349
       696        331
       697        332
       698        334
       699        360
       700        343
       701        350
       702        325
       703        350
       704        368
       705        345
       706        362
       707        373
       708        345
       709        357
       710        364
       711        333
       712        356
       713        346
       714        346
       715        369
       716        340
       717        352
       718        341
       719        339
       720        349
       721        363
       722        389
       723        351
       724        343
       725        339
       726        357
       727        377
       728        339
       729        344
       730        333
       731        341
       732        332
       733        364
       734        360
       735        320
       736        338
       737        344
       738        357
       739        337
       740        356
       741        348
       742        329
       743        350
       744        339
       745        329
       746        354
       747        343
       748        345
       749        357
       750        324
       751        367
       752        341
       753        367
       754        350
       755        317
       756        344
       757        333
       758        372
       759        358
       760        346
       761        350
       762        370
       763        328
       764        369
       765        354
       766        359
       767        369
       768        331
       769        346
       770        338
       771        366
       772        317
       773        354
       774        351
       775        355
       776        357
       777        322
       778        358
       779        344
       780        341
       781        319
       782        371
       783        333
       784        308
       785        377
       786        341
       787        355
       788        331
       789        341
       790        334
       791        354
       792        335
       793        359
       794        351
       795        334
       796        373
       797        327
       798        342
       799        328
       800        326
       801        348
       802        369
       803        351
       804        367
       805        326
       806        360
       807        352
       808        392
       809        310
       810        323
       811        365
       812        341
       813        368
       814        336
       815        349
       816        359
       817        354
       818        339
       819        366
       820        323
       821        346
       822        344
       823        340
       824        336
       825        348
       826        348
       827        353
       828        320
       829        330
       830        316
       831        337
       832        350
       833        343
       834        329
       835        360
       836        346
       837        320
       838        310
       839        341
       840        355
       841        335
       842        331
       843        336
       844        333
       845        344
       846        329
       847        351
       848        362
       849        331
       850        336
       851        353
       852        345
       853        353
       854        351
       855        350
       856        362
       857        347
       858        371
       859        346
       860        356
       861        341
       862        341
       863        349
       864        353
       865        361
       866        353
       867        343
       868        355
       869        330
       870        359
       871        356
       872        343
       873        332
       874        365
       875        344
       876        354
       877        353
       878        327
       879        332
       880        349
       881        368
       882        344
       883        349
       884        325
       885        335
       886        372
       887        337
       888        356
       889        331
       890        342
       891        361
       892        345
       893        354
       894        327
       895        322
       896        330
       897        324
       898        343
       899        346
       900        347
       901        329
       902        341
       903        364
       904        322
       905        323
       906        349
       907        337
       908        365
       909        344
       910        364
       911        354
       912        320
       913        351
       914        350
       915        356
       916        359
       917        346
       918        331
       919        376
       920        345
       921        333
       922        344
       923        331
       924        352
       925        337
       926        349
       927        339
       928        363
       929        331
       930        350
       931        369
       932        345
       933        344
       934        335
       935        341
       936        350
       937        341
       938        335
       939        324
       940        341
       941        345
       942        332
       943        346
       944        329
       945        334
       946        339
       947        350
       948        344
       949        319
       950        349
       951        339
       952        349
       953        359
       954        344
       955        342
       956        363
       957        342
       958        343
       959        370
       960        332
       961        338
       962        358
       963        332
       964        370
       965        344
       966        348
       967        346
       968        375
       969        347
       970        342
       971        302
       972        363
       973        336
       974        358
       975        355
       976        357
       977        323
       978        360
       979        340
       980        351
       981        343
       982        354
       983        344
       984        336
       985        355
       986        333
       987        357
       988        353
       989        348
       990        365
       991        354
       992        343
       993        340
       994        349
       995        369
       996        358
       997        350
       998        341
       999        334
